0 1 2 3 4 5 6 7 8 9 10 11 12 13 14 15 16 17 18 19 20 21 22 23 24 25 26 27 28 29 30 31 32 33 34 35 36 37 38 39 40 41 42 43 44 45 46 47 48 49 
Sorting
2301
Sorting
1019
Sorting
1043
Sorting
1020
Sorting
1047
Sorting
1103
Sorting
1165
Sorting
1026
Sorting
1029
Sorting
1033
Avg time: 1178us
0
0 1 6 7 15 17 42 54 191 692 753 954 1086 1201 1408 1912 2450 2720 2817 93 446 801 2746 1145 2427 2984 3057 3150 612 993 2900 3829 1159 2117 3018 3979 4225 4479 4501 114 225 506 1326 2534 3816 4041 4529 367 588 602 
